Unnamed: 0,Unnamed: 1,Unnamed: 2,Unnamed: 3,Unnamed: 4,Unnamed: 5,Unnamed: 6,Unnamed: 7,Unnamed: 8,Unnamed: 9
,,"10 3/4"" Tieback running list Test-Well",,,,,,,
,,,,,,,,,
,,Casing:,Thread:,Weight:,ID,OD cplg.,Capacity:,CE Displ,M/U Torque
,,,,lbs./ft.,[inch]:,[inch]:,[l/m]:,l/m,[ft.lbs]:
,,"10 3/4 L-80, 60,7#",,60.7,9.69,10.75,47.618,58.557,"38,650 - 42,950 - 47,250  "
,,,,,,,,,
,,-,,,,,,,Running list: 
,,Prepared by: -,,0,0,0,0,,Final
,,Approved by: -,,,,,,,Test-Rig
,,,,,,,,,
,Run,,,Joint/,Joint,Cum.,Depth,Depth,
,no.:,Item.,Threads,Stand,Length,Length,btm. item,top item,Remarks:
,,,,no.:,[m] :,[m] :,[m] :,[m] :,
,,,,,,,1495.68,,"9 5/8"" Btm PBR"
,,,,,,,1490,1492.8380000000016,"9 5/8"" Top PBR"
,,,,,,,2.838000000001557,,"Sting-in (max: 5,18 m)"
1.0,1,Seal Stem,,,6.74,6.74,1492.8380000000016,1486.0980000000015,"9 5/8"" Seal stem "
,,,,,3.69,10.43,1486.0980000000015,1482.4080000000015,Anchor
2.0,,,,,0.66,11.09,1482.4080000000015,1481.7480000000014,"XO 9 5/8"" x 10 3/4  Casing pup"
3.0,,Total seal stem assy. Lenght,,13.82,2.73,13.82,1481.7480000000014,1479.0180000000014,10 3/4'' Casing pup
4.0,,"10 3/4"" 60,7# L-80",,25,12.805,26.625,1479.0180000000014,1466.2130000000013,"10 3/4"" Tie-back jnt."
5.0,,"10 3/4"" 60,7# L-80",,85,12.802,39.427,1466.2130000000013,1453.4110000000014,"10 3/4"" Tie-back jnt."
6.0,2,"10 3/4"" 60,7# L-80",,,12.805,52.232,1453.4110000000014,1440.6060000000014,
7.0,,"10 3/4"" 60,7# L-80",,,12.8,65.032,1440.6060000000014,1427.8060000000014,Casing stand no. 1
8.0,,"10 3/4"" 60,7# L-80",,,12.803,77.835,1427.8060000000014,1415.0030000000013,
9.0,3,"10 3/4"" 60,7# L-80",,,12.803,90.63799999999999,1415.0030000000013,1402.2000000000012,
10.0,,"10 3/4"" 60,7# L-80",,,12.803,103.44099999999999,1402.2000000000012,1389.397000000001,Casing stand no. 2
11.0,,"10 3/4"" 60,7# L-80",,,12.805,116.24599999999998,1389.397000000001,1376.592000000001,
9.0,3,"10 3/4"" 60,7# L-80",,,12.805,90.63999999999999,1376.592000000001,1363.787000000001,
10.0,,"10 3/4"" 60,7# L-80",,,12.234,102.87399999999998,1363.787000000001,1351.553000000001,Casing stand no. 3
11.0,,"10 3/4"" 60,7# L-80",,,12.799,115.67299999999997,1351.553000000001,1338.754000000001,
,4,"10 3/4"" 60,7# L-80",,,12.419,128.09199999999998,1338.754000000001,1326.335000000001,
,,"10 3/4"" 60,7# L-80",,,12.805,140.897,1326.335000000001,1313.5300000000009,Casing stand no. 4
,,"10 3/4"" 60,7# L-80",,,11.861,152.75799999999998,1313.5300000000009,1301.6690000000008,
,5,"10 3/4"" 60,7# L-80",,,12.804,165.56199999999998,1301.6690000000008,1288.8650000000007,
,,"10 3/4"" 60,7# L-80",,,12.803,178.36499999999998,1288.8650000000007,1276.0620000000006,Casing stand no. 5
,,"10 3/4"" 60,7# L-80",,,12.801,191.16599999999997,1276.0620000000006,1263.2610000000006,
,6,"10 3/4"" 60,7# L-80",,,12.803,203.96899999999997,1263.2610000000006,1250.4580000000005,
,,"10 3/4"" 60,7# L-80",,,12.804,216.77299999999997,1250.4580000000005,1237.6540000000005,Casing stand no. 6
,,"10 3/4"" 60,7# L-80",,,12.804,229.57699999999997,1237.6540000000005,1224.8500000000004,
,7,"10 3/4"" 60,7# L-80",,,12.806,242.38299999999998,1224.8500000000004,1212.0440000000003,
,,"10 3/4"" 60,7# L-80",,,12.801,255.18399999999997,1212.0440000000003,1199.2430000000004,Casing stand no. 7
,,"10 3/4"" 60,7# L-80",,,12.806,267.98999999999995,1199.2430000000004,1186.4370000000004,
,8,"10 3/4"" 60,7# L-80",,,12.804,280.7939999999999,1186.4370000000004,1173.6330000000003,
,,"10 3/4"" 60,7# L-80",,,12.805,293.59899999999993,1173.6330000000003,1160.8280000000002,Casing stand no. 8
,,"10 3/4"" 60,7# L-80",,,12.806,306.4049999999999,1160.8280000000002,1148.0220000000002,
,9,"10 3/4"" 60,7# L-80",,,12.806,319.2109999999999,1148.0220000000002,1135.2160000000001,
,,"10 3/4"" 60,7# L-80",,,12.802,332.0129999999999,1135.2160000000001,1122.4140000000002,Casing stand no. 9
,,"10 3/4"" 60,7# L-80",,,12.806,344.8189999999999,1122.4140000000002,1109.6080000000002,
,10,"10 3/4"" 60,7# L-80",,,12.801,357.6199999999999,1109.6080000000002,1096.8070000000002,
,,"10 3/4"" 60,7# L-80",,,12.799,370.41899999999987,1096.8070000000002,1084.0080000000003,Casing stand no. 10
,,"10 3/4"" 60,7# L-80",,,12.8,383.2189999999999,1084.0080000000003,1071.2080000000003,
,11,"10 3/4"" 60,7# L-80",,,12.806,396.02499999999986,1071.2080000000003,1058.4020000000003,
,,"10 3/4"" 60,7# L-80",,,12.803,408.82799999999986,1058.4020000000003,1045.5990000000002,Casing stand no. 11
,,"10 3/4"" 60,7# L-80",,,12.804,421.63199999999983,1045.5990000000002,1032.795,
,12,"10 3/4"" 60,7# L-80",,,12.804,434.4359999999998,1032.795,1019.9910000000001,
,,"10 3/4"" 60,7# L-80",,,12.798,447.2339999999998,1019.991,1007.193,Casing stand no. 12
,,"10 3/4"" 60,7# L-80",,,12.124,459.35799999999983,1007.193,995.069,
,13,"10 3/4"" 60,7# L-80",,,12.804,472.1619999999998,995.069,982.265,
,,"10 3/4"" 60,7# L-80",,,12.8,484.9619999999998,982.265,969.465,Casing stand no. 13
,,"10 3/4"" 60,7# L-80",,,12.8,497.76199999999983,969.465,956.6650000000001,
,14,"10 3/4"" 60,7# L-80",,,12.803,510.5649999999998,956.6650000000001,943.8620000000001,
,,"10 3/4"" 60,7# L-80",,,12.801,523.3659999999999,943.8620000000001,931.061,Casing stand no. 14
,,"10 3/4"" 60,7# L-80",,,12.805,536.1709999999998,931.061,918.2560000000001,
,15,"10 3/4"" 60,7# L-80",,,12.799,548.9699999999998,918.2560000000001,905.4570000000001,
,,"10 3/4"" 60,7# L-80",,,12.801,561.7709999999998,905.4570000000001,892.6560000000001,Casing stand no. 15
,,"10 3/4"" 60,7# L-80",,,12.8,574.5709999999998,892.6560000000001,879.8560000000001,
,16,"10 3/4"" 60,7# L-80",,,12.805,587.3759999999997,879.8560000000001,867.0510000000002,
,,"10 3/4"" 60,7# L-80",,,12.801,600.1769999999998,867.0510000000002,854.2500000000001,Casing stand no. 16
,,"10 3/4"" 60,7# L-80",,,12.805,612.9819999999997,854.2500000000001,841.4450000000002,
,17,"10 3/4"" 60,7# L-80",,,12.806,625.7879999999998,841.4450000000002,828.6390000000001,
,,"10 3/4"" 60,7# L-80",,,12.801,638.5889999999998,828.6390000000001,815.8380000000001,Casing stand no. 17
,,"10 3/4"" 60,7# L-80",,,12.805,651.3939999999998,815.8380000000001,803.0330000000001,
,18,"10 3/4"" 60,7# L-80",,,12.804,664.1979999999998,803.0330000000001,790.2290000000002,
,,"10 3/4"" 60,7# L-80",,,12.801,676.9989999999998,790.2290000000002,777.4280000000001,Casing stand no. 18
,,"10 3/4"" 60,7# L-80",,,12.802,689.8009999999998,777.4280000000001,764.6260000000001,
,19,"10 3/4"" 60,7# L-80",,,12.805,702.6059999999998,764.6260000000001,751.8210000000001,
,,"10 3/4"" 60,7# L-80",,,12.808,715.4139999999998,751.8210000000001,739.0130000000001,Casing stand no. 19
,,"10 3/4"" 60,7# L-80",,,12.807,728.2209999999998,739.0130000000001,726.2060000000001,
,20,"10 3/4"" 60,7# L-80",,,12.805,741.0259999999997,726.2060000000001,713.4010000000002,
,,"10 3/4"" 60,7# L-80",,,12.802,753.8279999999997,713.4010000000002,700.5990000000002,Casing stand no. 20
,,"10 3/4"" 60,7# L-80",,,12.801,766.6289999999998,700.5990000000002,687.7980000000001,
,21,"10 3/4"" 60,7# L-80",,,12.799,779.4279999999998,687.7980000000001,674.9990000000001,
,,"10 3/4"" 60,7# L-80",,,12.802,792.2299999999998,674.9990000000001,662.1970000000001,Casing stand no. 21
,,"10 3/4"" 60,7# L-80",,,12.399,804.6289999999998,662.1970000000001,649.7980000000001,
,22,"10 3/4"" 60,7# L-80",,,12.804,817.4329999999998,649.7980000000001,636.9940000000001,
,,"10 3/4"" 60,7# L-80",,,12.805,830.2379999999997,636.9940000000001,624.1890000000002,Casing stand no. 22
,,"10 3/4"" 60,7# L-80",,,12.808,843.0459999999997,624.1890000000002,611.3810000000002,
,23,"10 3/4"" 60,7# L-80",,,12.807,855.8529999999997,611.3810000000002,598.5740000000002,
,,"10 3/4"" 60,7# L-80",,,12.806,868.6589999999998,598.5740000000002,585.7680000000001,Casing stand no. 23
,,"10 3/4"" 60,7# L-80",,,12.806,881.4649999999998,585.7680000000001,572.9620000000001,
,24,"10 3/4"" 60,7# L-80",,,12.805,894.2699999999998,572.9620000000001,560.1570000000002,
,,"10 3/4"" 60,7# L-80",,,12.807,907.0769999999998,560.1570000000002,547.3500000000001,Casing stand no. 24
,,"10 3/4"" 60,7# L-80",,,12.805,919.8819999999997,547.3500000000001,534.5450000000002,
,25,"10 3/4"" 60,7# L-80",,,12.807,932.6889999999997,534.5450000000002,521.7380000000002,
,,"10 3/4"" 60,7# L-80",,,12.806,945.4949999999998,521.7380000000002,508.9320000000002,Casing stand no. 25
,,"10 3/4"" 60,7# L-80",,,12.808,958.3029999999998,508.93200000000013,496.12400000000014,
,26,"10 3/4"" 60,7# L-80",,,12.807,971.1099999999998,496.12400000000014,483.3170000000001,
,,"10 3/4"" 60,7# L-80",,,12.808,983.9179999999998,483.3170000000001,470.5090000000001,Casing stand no. 26
,,"10 3/4"" 60,7# L-80",,,12.803,996.7209999999998,470.5090000000001,457.70600000000013,
,27,"10 3/4"" 60,7# L-80",,,12.8,1009.5209999999997,457.70600000000013,444.9060000000001,
,,"10 3/4"" 60,7# L-80",,,12.807,1022.3279999999997,444.9060000000001,432.0990000000001,Casing stand no. 27
,,"10 3/4"" 60,7# L-80",,,12.807,1035.1349999999998,432.0990000000001,419.2920000000001,
,28,"10 3/4"" 60,7# L-80",,,12.805,1047.9399999999998,419.2920000000001,406.4870000000001,
,,"10 3/4"" 60,7# L-80",,,12.802,1060.7419999999997,406.4870000000001,393.68500000000006,Casing stand no. 28
,,"10 3/4"" 60,7# L-80",,,12.451,1073.1929999999998,393.68500000000006,381.23400000000004,
,29,"10 3/4"" 60,7# L-80",,,12.804,1085.9969999999998,381.23400000000004,368.43000000000006,
,,"10 3/4"" 60,7# L-80",,,12.805,1098.802,368.43000000000006,355.62500000000006,Casing stand no. 29
,,"10 3/4"" 60,7# L-80",,,12.801,1111.6029999999998,355.62500000000006,342.82400000000007,
,30,"10 3/4"" 60,7# L-80",,,12.806,1124.4089999999999,342.82400000000007,330.0180000000001,
,,"10 3/4"" 60,7# L-80",,,12.802,1137.2109999999998,330.0180000000001,317.21600000000007,Casing stand no. 30
,,"10 3/4"" 60,7# L-80",,,12.805,1150.0159999999998,317.21600000000007,304.41100000000006,
,31,"10 3/4"" 60,7# L-80",,,12.807,1162.8229999999999,304.41100000000006,291.60400000000004,
,,"10 3/4"" 60,7# L-80",,,12.807,1175.6299999999999,291.60400000000004,278.797,Casing stand no. 31
,,"10 3/4"" 60,7# L-80",,,12.807,1188.437,278.797,265.99,
,32,"10 3/4"" 60,7# L-80",,,12.8,1201.2369999999999,265.99,253.19,
,,"10 3/4"" 60,7# L-80",,,12.804,1214.041,253.19,240.386,Casing stand no. 32
,,"10 3/4"" 60,7# L-80",,,12.802,1226.8429999999998,240.386,227.584,
,33,"10 3/4"" 60,7# L-80",,Pup,3.04,1229.8829999999998,227.584,224.544,
,,"10 3/4"" 60,7# L-80",,Joint ,12.801,1242.6839999999997,224.544,211.74300000000002,
,,"10 3/4"" 60,7# L-80",,Joint ,12.805,1255.4889999999998,211.74300000000002,198.93800000000002,
,,"10 3/4"" 60,7# L-80",,Pup,1.85,1257.3389999999997,198.93800000000002,197.08800000000002,
,,Valve,,valve,4.45,1261.7889999999998,197.08800000000002,192.63800000000003,
,,"10 3/4"" 60,7# L-80",,Pup,3.05,1264.8389999999997,192.63800000000003,189.58800000000002,
,34,"10 3/4"" 60,7# L-80",,,12.803,1277.6419999999998,189.58800000000002,176.78500000000003,
,,"10 3/4"" 60,7# L-80",,,12.805,1290.447,176.78500000000003,163.98000000000002,Casing stand no. 33
,,"10 3/4"" 60,7# L-80",,,12.8,1303.2469999999998,163.98000000000002,151.18,
,35,,,,6.65,1309.897,151.18,144.53,
,,"10 ¾"" Casing Hanger",,,1.21,1311.107,144.53,143.32,
,,,,,4.55,1315.657,143.32,138.76999999999998,
,, 5 7/8 DP to surface ,,,,,,,
,,4 stands,,,154.84,,,,
,,,,,,,,,
,,,,,,,,,
